357 RX: [00000245](00) FF E0 00 18 00 00 FF E2 0) 11 06 00 07 10 
0049.391 CF 22 00 0C 00 7F 
0049.383 RX: [00000177](00) FE 10 00 00 00 F8 00 00 
0049.387 RX: [00000002](00) 11 06 00 07 10 
0049.391CAN init ok!
0000.040 RX: [00000180](00) 14 9B 32 93 3C 00 35 10 
0000.041 RX: [00000180](00) 14 9B 32 73 3C 00 36 10 
0000.046 RX: [00000176](00) 00 00 02 50 00 00 00 
0000.050 RX: [000002DE](00) 02 00 80 04 90 00 0C 32 
0000.054 RX: [00000284](00) 00 00 00 00 00 00 E2 68 
0000.059 RX: [000002DE](00) 02 00 80 04 90 00 0C 32 
0000.063 RX: [00000245](00) FF E0 00 18 00 00 FF E0 
0000.068 RX: [00000177](00) FE 10 00 00 00 F8 00 00 
0000.072 RX: [00000002](00) 11 06 00 07 67 
0000.076 RX: [00000177](00) FE 10 00 00 00 F8 00 00 
0000.080 RX: [00000215](00) FF F4 FF 00 FF FF 
0000.084 RX: [00000358](00) 00 08 00 00 00 00 00 00 
0000.090 RX: [00000421](00) 08 00 00 
0000.093 RX: [00000284](00) 00 00 00 00 00 00 E4 6A 
0000.098 RX: [000002DE](00) 02 00 80 04 90 00 0C 32 
0000.102 RX: [00000002](00) 11 06 00 07 BA 
0000.106 RX: [00000177](00) FE 10 00 00 00 F8 00 00 
0000.110 RX: [00000560](00) 4C 72 00 
0000.114 RX: [00000284](00) 00 00 00 00 00 00 E5 6B 
0000.118 RX: [00000355](00) 00 00 00 00 00 00 40 
0000.122 RX: [00000292](00) FF F7 F3 80 0F FE 00 00 
0000.128 RX: [00000182](00) 00 00 00 00 00 1E 00 CF 
0000.132 RX: [00000002](00) 11 06 00 07 CD 
0000.136 RX: [00000177](00) FE 10 00 00 00 F8 00 00 
0000.140 RX: [00000580](00) 00 82 40 B2 6C 
0000.144 RX: [0000060D](00) 00 06 00 00 00 00 00 00 
0000.149 RX: [000001F9](00) 28 00 14 9B 00 00 51 A8 
0000.153 RX: [00000284](00) 00 00 00 00 00 00 E7 6D 
0000.158 RX: [00000180](00) 14 9B 32 73 3C 00 31 10 
0000.162 RX: [00000002](00) 11 06 00 07 10 
0000.166 RX: [000002DE](00) 02 00 80 04 90 00 0C 32 
0000.171 RX: [000001F9](00) 28 00 14 B4 00 00 51 A8 
0000.176 RX: [00000216](00) 42 6C 
0000.179 RX: [000001F9](00) 28 00 14 B4 00 00 51 A8 
0000.183 RX: [00000245](00) FF E0 00 18 00 00 FF E2 
0000.188 RX: [000002DE](00) 02 00 80 04 90 00 0C 32 
0000.192 RX: [000005C5](00) 40 01 CF 22 00 0C 00 7F 
0000.197 RX: [000002DE](00) 02 00 80 04 90 00 0C 32 
0000.201 RX: [00000215](00) FF F4 FF 00 FF FF 
0000.205 RX: [00000176](00) 00 00 02 4B 00 00 00 
0000.209 RX: [000001F9](00) 28 00 14 9B 00 00 51 A8 
0000.215 RX: [00000284](00) 00 00 00 00 00 00 EA 70 
0000.219 RX: [00000160](00) 33 C3 29 00 08 FF E8 
0000.224 RX: [00000245](00) FF E0 00 18 00 00 FF E0 
0000.228 RX: [000002DE](00) 02 00 80 04 90 00 0C 32 
0000.233 RX: [00000002](00) 11 06 00 07 67 
0000.236 RX: [00000355](00) 00 00 00 00 00 00 40 
0000.241 RX: [00000215](00) FF F4 FF 00 FF FF 
0000.245 RX: [0000060D](00) 00 06 00 00 00 00 00 00 
0000.249 RX: [000002DE](00) 02 00 80 04 90 00 0C 32 
0000.254 RX: [00000284](00) 00 00 00 00 00 00 EC 72 
0000.259 RX: [000002DE](00) 02 00 80 04 90 00 0C 32 
0000.264 RX: [00000245](00) FF E0 00 18 00 00 FF E2 
0000.268 RX: [000002DE](00) 02 00 80 04 90 00 0C 32 
0000.272 RX: [00000002](00) 11 06 00 07 AB 
0000.276 RX: [000002DE](00) 02 00 80 04 90 00 0C 32 
0000.281 RX: [00000182](00) 00 00 00 00 00 1D 00 CF 
0000.285 RX: [00000358](00) 00 08 00 00 00 00 00 00 
0000.290 RX: [000002DE](00) 02 00 80 04 90 00 0C 32 
0000.294 RX: [00000284](00) 00 00 00 00 00 00 EE 74 
0000.300 RX: [000002DE](00) 02 00 80 04 90 00 0C 32 
0000.304 RX: [00000245](00) FF E0 00 18 00 00 FF E0 
0000.309 RX: [000002DE](00) 02 00 80 04 90 00 0C 32 
0000.313 RX: [00000285](00) 00 00 00 00 00 00 EF 76 
0000.318 RX: [00000355](00) 00 00 00 00 00 00 40 
0000.322 RX: [000001F9](00) 28 00 14 82 00 00 51 A8 
0000.326 RX: [00000421](00) 08 00 00 
0000.330 RX: [000002DE](00) 02 00 80 04 90 00 0C 32 
0000.334 RX: [00000284](00) 00 00 00 00 00 00 F0 76 
0000.338 RX: [000002DE](00) 02 00 80 04 90 00 0C 32 
0000.344 RX: [00000245](00) FF E0 00 18 00 00 FF E2 
0000.348 RX: [000002DE](00) 02 00 80 04 90 00 0C 32 
0000.353 RX: [000001F9](00) 28 00 14 82 00 00 51 A8 
0000.357 RX: [00000355](00) 00 00 00 00 00 00 40 
0000.362 RX: [00000002](00) 11 06 00 07 54 
0000.365 RX: [00000177](00) FE 10 00 00 00 F8 00 00 
0000.370 RX: [000002DE](00) 02 00 80 04 90 00 0C 32 
0000.374 RX: [00000284](00) 00 00 00 00 00 00 F2 78 
0000.379 RX: [000002DE](00) 02 00 80 04 90 00 0C 32 
0000.384 RX: [00000245](00) FF E0 00 18 00 00 FF E0 
0000.389 RX: [000002DE](00) 02 00 80 04 90 00 0C 32 
0000.393 RX: [00000285](00) 00 00 00 00 00 00 F3 7A 
0000.398 RX: [00000355](00) 00 00 00 00 00 00 40 
0000.402 RX: [00000002](00) 11 06 00 07 98 
0000.406 RX: [00000560](00) 4C 11 48 
0000.409 RX: [000002DE](00) 02 00 80 04 90 00 0C 32 
0000.413 RX: [00000180](00) 14 69 32 73 3D 00 3A 10 
0000.418 RX: [000002DE](00) 02 00 80 04 90 00 0C 32 
0000.422 RX: [00000292](00) FF F7 F3 80 0F FE 00 00 
0000.428 RX: [000002DE](00) 02 00 80 04 90 00 0C 32 
0000.432 RX: [00000002](00) 11 06 00 07 AB 
0000.436 RX: [00000177](00) FE 10 00 00 00 F8 00 00 
0000.441 RX: [00000355](00) 00 00 00 00 00 00 40 
0000.445 RX: [00000580](00) 00 82 40 B0 6C 
0000.449 RX: [000002DE](00) 02 00 80 04 90 00 0C 32 
0000.453 RX: [00000284](00) 00 00 00 00 00 00 F6 7C 
0000.458 RX: [000002DE](00) 02 00 80 04 90 00 0C 32 
0000.462 RX: [00000002](00) 11 06 00 07 FE 
0000.466 RX: [000002DE](00) 02 00 80 04 90 00 0C 32 
0000.471 RX: [00000280](00) 01 3B 80 00 00 00 47 40 
0000.476 RX: [00000182](00) 00 00 00 00 00 10 00 CF 
0000.480 RX: [00000355](00) 00 00 00 00 00 00 40 
0000.484 RX: [00000358](00) 00 08 00 00 00 00 00 00 
0000.489 RX: [000002DE](00) 02 00 80 04 90 00 0C 32 
0000.493 RX: [00000284](00) 00 00 00 00 00 00 F8 7E 
0000.498 RX: [000002DE](00) 02 00 80 04 90 00 0C 32 
0000.502 RX: [00000292](00) FF F7 F0 80 0F FE 00 00 
0000.507 RX: [000002DE](00) 02 00 80 04 90 00 0C 32 
0000.512 RX: [00000002](00) 11 06 00 07 23 
0000.516 RX: [00000177](00) FE 10 00 00 00 F8 00 00 
0000.521 RX: [00000625](00) 02 80 FF 1D 20 00 
0000.525 RX: [00000515](00) 02 00 00 00 
0000.528 RX: [000002DE](00) 02 00 80 04 90 00 0C 32 
0000.532 RX: [00000002](00) 11 06 00 07 45 
0000.536 RX: [00000182](00) 00 00 00 00 00 16 00 CF 
0000.541 RX: [00000215](00) FF F4 FF 00 FF FF 
0000.545 RX: [00000174](00) FF EF FE AA 02 00 00 00 
0000.549 RX: [00000580](00) 00 7B 40 B2 6C 
0000.553 RX: [00000284](00) 00 00 00 00 00 00 FB 81 
0000.558 RX: [00000355](00) 00 00 00 00 00 00 40 
0000.563 RX: [00000002](00) 11 06 00 07 98 
0000.566 RX: [000002DE](00) 02 00 80 04 90 00 0C 32 
0000.571 RX: [000006E2](00) 00 00 79 
0000.574 RX: [00000216](00) 42 6C 
0000.577 RX: [000001F9](00) 28 00 14 69 00 00 51 A8 
0000.582 RX: [00000002](00) 11 06 00 07 BA 
0000.585 RX: [00000177](00) FE 10 00 00 00 F8 00 00 
0000.590 RX: [000001F9](00) 28 00 14 69 00 00 51 A8 
0000.594 RX: [00000284](00) 00 00 00 00 00 00 FD 83 
0000.600 RX: [000001F9](00) 28 00 14 50 00 00 51 A8 
0000.604 RX: [00000245](00) FF E0 00 18 00 00 FF E3 
0000.609 RX: [00000182](00) 00 00 00 00 00 1D 00 CF 
0000.613 RX: [00000284](00) 00 00 00 00 00 00 FE 84 
0000.618 RX: [000002DE](00) 02 00 80 04 90 00 0C 32 
0000.622 RX: [00000002](00) 11 06 00 07 FE 
0000.626 RX: [000002DE](00) 02 00 80 04 90 00 0C 32 
0000.630 RX: [000001F9](00) 28 00 14 50 00 00 51 A8 
0000.635 RX: [00000216](00) 42 6C 
0000.638 RX: [000001F9](00) 28 00 14 50 00 00 51 A8 
0000.643 RX: [00000354](00) 00 00 00 00 00 10 04 00 
0000.648 RX: [000002DE](00) 02 00 80 04 90 00 0C 32 
0000.652 RX: [00000002](00) 11 06 00 07 01 
0000.656 RX: [000002DE](00) 02 00 80 04 90 00 0C 32 
0000.661 RX: [00000215](00) FF F4 FF 00 FF FF 
0000.664 RX: [0000035D](00) 80 03 00 00 00 00 00 00 
0000.669 RX: [000002DE](00) 02 00 80 04 90 00 0C 32 
0000.673 RX: [00000284](00) 00 00 00 00 00 00 01 87 
0000.678 RX: [00000355](00) 00 00 00 00 00 00 40 
0000.683 RX: [00000354](00) 00 00 00 00 00 18 04 00 
0000.688 RX: [000002DE](00) 02 00 80 04 90 00 0C 32 
0000.692 RX: [000005C5](00) 40 01 CF 22 00 0C 00 7F 
0000.697 RX: [00000177](00) FE 10 00 00 00 F8 00 00 
0000.701 RX: [00000215](00) FF F4 FF 00 FF FF 
0000.705 RX: [00000176](00) 00 00 02 43 00 00 02 
0000.709 RX: [000002DE](00) 02 00 80 04 90 00 0C 32 
0000.714 RX: [00000284](00) 00 00 00 00 00 00 03 89 
0000.718 RX: [00000355](00) 00 00 00 00 00 00 40 
0000.723 RX: [00000245](00) FF E0 00 18 00 00 FF E1 
0000.728 RX: [000002DE](00) 02 00 80 04 90 00 0C 32 
0000.732 RX: [00000280](00) 01 39 80 00 00 00 43 40 
0000.737 RX: [000002DE](00) 02 00 80 04 90 00 0C 32 
0000.741 RX: [00000182](00) 00 00 00 00 00 1A 00 CF 
0000.746 RX: [00000177](00) FE 10 00 00 00 F8 00 00 
0000.750 RX: [000002DE](00) 02 00 80 04 90 00 0C 32 
0000.755 RX: [00000216](00) 42 6C 
0000.758 RX: [00000355](00) 00 00 00 00 00 00 40 
0000.762 RX: [00000292](00) FF F7 F3 80 0F FE 00 00 
0000.768 RX: [000002DE](00) 02 00 80 04 90 00 0C 32 
0000.772 RX: [00000002](00) 11 06 00 07 CD 
0000.776 RX: [00000177](00) FE 10 00 00 00 F8 00 00 
0000.780 RX: [000002DE](00) 02 00 80 04 90 00 0C 32 
0000.785 RX: [00000358](00) 00 08 00 00 00 00 00 00 
0000.789 RX: [000002DE](00) 02 00 80 04 90 00 0C 32 
0000.794 RX: [00000284](00) 00 00 00 00 00 00 07 8D 
0000.798 RX: [00000355](00) 00 00 00 00 00 00 40 
0000.802 RX: [000001F9](00) 28 00 14 82 00 00 51 A8 
0000.807 RX: [000002DE](00) 02 00 80 04 90 00 0C 32 
0000.812 RX: [00000002](00) 11 06 00 07 01 
0000.816 RX: [000002DE](00) 02 00 80 04 90 00 0C 32 
0000.821 RX: [00000215](00) FF F4 FF 00 FF FF 
0000.825 RX: [00000515](00) 02 00 00 00 
0000.828 RX: [000002DE](00) 02 00 80 04 90 00 0C 32 
0000.833 RX: [00000285](00) 00 00 00 00 00 00 09 90 
0000.837 RX: [00000355](00) 00 00 00 00 00 00 40 
0000.841 RX: [00000002](00) 11 06 00 07 54 
0000.845 RX: [00000177](00) FE 10 00 00 00 F8 00 00 
0000.850 RX: [000002DE](00) 02 00 80 04 90 00 0C 32 
0000.855 RX: [00000580](00) 00 7F 40 B0 6C 
0000.859 RX: [000002DE](00) 02 00 80 04 90 00 0C 32 
0000.863 RX: [00000245](00) FF E0 00 18 00 00 FF E0 
0000.868 RX: [000002DE](00) 02 00 80 04 90 00 0C 32 
0000.872 RX: [00000002](00) 11 06 00 07 67 
0000.876 RX: [000002DE](00) 02 00 80 04 90 00 0C 32 
0000.880 RX: [00000215](00) FF F4 FF 00 FF FF 
0000.884 RX: [000001F9](00) 28 00 14 69 00 00 51 A8 
0000.889 RX: [000002DE](00) 02 00 80 04 90 00 0C 32 
0000.893 RX: [00000284](00) 00 00 00 00 00 00 0C 92 
0000.899 RX: [000002DE](00) 02 00 80 04 90 00 0C 32 
0000.903 RX: [00000245](00) FF E0 00 18 00 00 FF E2 
0000.908 RX: [00000560](00) 4C 16 34 
0000.911 RX: [00000002](00) 11 06 00 07 AB 
0000.915 RX: [00000174](00) FF EF FE AA 07 00 00 00 
0000.919 RX: [00000551](00) 79 AD 00 80 FF 02 80 FF 
0000.924 RX: [00000245](00) FF E0 00 18 00 00 FF E3 
0000.928 RX: [00000421](00) 08 00 00 
0000.931 RX: [00000284](00) 00 00 00 00 00 00 0E 94 
0000.936 RX: [00000177](00) FE 10 00 00 00 F8 00 00 
0000.941 RX: [00000215](00) FF F4 FF 00 FF FF 
0000.945 RX: [00000176](00) 00 00 02 47 00 00 0A 
0000.950 RX: [000002DE](00) 02 00 80 04 90 00 0C 32 
0000.954 RX: [00000284](00) 00 00 00 00 00 00 0F 95 
0000.959 RX: [00000580](00) 00 82 40 B2 6C 
0000.962 RX: [00000245](00) FF E0 00 18 00 00 FF E1 
0000.967 RX: [000002DE](00) 02 00 80 04 90 00 0C 32 
0000.971 RX: [00000002](00) 11 06 00 07 01 
0000.975 RX: [00000177](00) FE 10 00 00 00 F8 00 00 
0000.980 RX: [000006E2](00) 00 00 79 
0000.984 RX: [00000358](00) 00 08 00 00 00 00 00 00 
0000.988 RX: [000001F9](00) 28 00 14 82 00 00 51 A8 
0000.993 RX: [00000285](00) 00 00 00 00 00 00 11 98 
0000.997 RX: [00000180](00) 14 82 32 83 3C 00 33 10 
0001.002 RX: [00000002](00) 11 06 00 07 54 
0001.005 RX: [000002DE](00) 02 00 80 04 90 00 0C 32 
0001.010 RX: [000001F9](00) 28 00 14 82 00 00 51 A8 
0001.014 RX: [00000216](00) 42 6C 
0001.017 RX: [00000551](00) 79 AD 00 80 FF 02 80 FF 
0001.022 RX: [00000292](00) FF F7 F3 80 0F FE 00 00 
0001.027 RX: [000002DE](00) 02 00 80 04 90 00 0C 32 
0001.032 RX: [00000002](00) 11 06 00 07 67 
0001.036 RX: [00000177](00) FE 10 00 00 00 F8 00 00 
0001.040 RX: [000001F9](00) 28 00 14 82 00 00 51 A8 
0001.045 RX: [0000060D](00) 00 06 00 00 00 00 00 00 
0001.049 RX: [000001F9](00) 28 00 14 9B 00 00 51 A8 
0001.053 RX: [00000284](00) 00 00 00 00 00 00 14 9A 
0001.058 RX: [00000160](00) 33 C3 28 00 08 FF E8 
0001.062 RX: [00000245](00) FF E0 00 18 00 00 FF E2 
0001.068 RX: [000002DE](00) 02 00 80 04 90 00 0C 32 
0001.072 RX: [00000002](00) 11 06 00 07 AB 
0001.076 RX: [00000177](00) FE 10 00 00 00 F8 00 00 
0001.080 RX: [00000215](00) FF F4 FF 00 FF FF 
0001.084 RX: [00000358](00) 00 08 00 00 00 00 00 00 
0001.089 RX: [000002DE](00) 02 00 80 04 90 00 0C 32 
0001.093 RX: [00000284](00) 00 00 00 00 00 00 16 9C 
0001.098 RX: [000002DE](00) 02 00 80 04 90 00 0C 32 
0001.102 RX: [00000245](00) FF E0 00 18 00 00 FF E0 
0001.107 RX: [000002DE](00) 02 00 80 04 90 00 0C 32 
0001.112 RX: [00000002](00) 11 06 00 07 EF 
0001.116 RX: [00000355](00) 00 00 00 00 00 00 40 
0001.120 RX: [00000182](00) 00 00 00 00 00 1F 00 CF 
0001.125 RX: [00000515](00) 02 00 00 00 
0001.128 RX: [000002DE](00) 02 00 80 04 90 00 0C 32 
0001.133 RX: [00000284](00) 00 00 00 00 00 00 18 9E 
0001.137 RX: [000002DE](00) 02 00 80 04 90 00 0C 32 
0001.142 RX: [00000002](00) 11 06 00 07 32 
0001.145 RX: [000002DE](00) 02 00 80 04 90 00 0C 32 
0001.150 RX: [00000160](00) 33 C3 26 00 08 FF E8 
0001.155 RX: [00000216](00) 42 6C 
0001.158 RX: [00000355](00) 00 00 00 00 00 00 40 
0001.162 RX: [00000292](00) FF F7 F0 80 0F FE 00 00 
0001.167 RX: [000002DE](00) 02 00 80 04 90 00 0C 32 
0001.171 RX: [00000002](00) 11 06 00 07 45 
0001.175 RX: [00000177](00) FE 10 00 00 00 F8 00 00 
0001.180 RX: [000002DE](00) 02 00 80 04 90 00 0C 32 
0001.184 RX: [00000358](00) 00 08 00 00 00 00 00 00 
0001.188 RX: [000002DE](00) 02 00 80 04 90 00 0C 32 
0001.193 RX: [000005C5](00) 40 01 CF 22 00 0C 00 7F 
0001.198 RX: [00000355](00) 00 00 00 00 00 00 40 
0001.203 RX: [00000292](00) FF F7 F3 80 0F FE 00 00 
0001.207 RX: [000002DE](00) 02 00 80 04 90 00 0C 32 
0001.212 RX: [00000002](00) 11 06 00 07 89 
0001.215 RX: [000002DE](00) 02 00 80 04 90 00 0C 32 
0001.220 RX: [00000625](00) 02 80 FF 1D 20 00 
0001.224 RX: [00000515](00) 02 00 00 00 
0001.227 RX: [000002DE](00) 02 00 80 04 90 00 0C 32 
0001.232 RX: [00000160](00) 33 C3 26 00 08 FF E8 
0001.236 RX: [00000355](00) 00 00 00 00 00 00 40 
0001.241 RX: [00000002](00) 11 06 00 07 DC 
0001.245 RX: [00000177](00) FE 10 00 00 00 F8 00 00 
0001.249 RX: [000002DE](00) 02 00 80 04 90 00 0C 32 
0001.254 RX: [000001F9](00) 28 00 14 B4 00 00 51 A8 
0001.258 RX: [000002DE](00) 02 00 80 04 90 00 0C 32 
0001.263 RX: [00000160](00) 33 C3 26 00 08 FF E8 
0001.267 RX: [000002DE](00) 02 00 80 04 90 00 0C 32 
0001.272 RX: [00000002](00) 11 06 00 07 EF 
0001.275 RX: [00000355](00) 00 00 00 00 00 00 40 
0001.281 RX: [00000215](00) FF F4 FF 00 FF FF 
0001.285 RX: [00000358](00) 00 08 00 00 00 00 00 00 
0001.289 RX: [000002DE](00) 02 00 80 04 90 00 0C 32 
0001.294 RX: [00000284](00) 00 00 00 00 00 00 20 A6 
0001.298 RX: [000002DE](00) 02 00 80 04 90 00 0C 32 
0001.303 RX: [00000245](00) FF E0 00 18 00 00 FF E2 
0001.307 RX: [000002DE](00) 02 00 80 04 90 00 0C 32 
0001.312 RX: [00000002](00) 11 06 00 07 23 
0001.315 RX: [00000355](00) 00 00 00 00 00 00 40 
0001.319 RX: [00000215](00) FF F4 FF 00 FF FF 
0001.324 RX: [00000160](00) 33 C3 27 00 08 FF E8 
0001.329 RX: [000002DE](00) 02 00 80 04 90 00 0C 32 
0001.333 RX: [00000284](00) 00 00 00 00 00 00 22 A8 
0001.338 RX: [0000054C](00) 6E 6C C0 00 00 80 04 08 
0001.342 RX: [00000292](00) FF F7 F3 80 0F FE 00 00 
0001.347 RX: [000002DE](00) 02 00 80 04 90 00 0C 32 
0001.351 RX: [00000002](00) 11 06 00 07 67 
0001.355 RX: [00000177](00) FE 10 00 00 00 F8 00 00 
0001.359 RX: [00000355](00) 00 00 00 00 00 00 40 
0001.364 RX: [0000035D](00) 80 03 00 00 00 00 00 00 
0001.369 RX: [00000580](00) 00 82 40 B2 6C 
0001.373 RX: [00000284](00) 00 00 00 00 00 00 24 AA 
0001.377 RX: [000002DE](00) 02 00 80 04 90 00 0C 32 
0001.382 RX: [00000002](00) 11 06 00 07 BA 
0001.385 RX: [00000180](00) 14 B4 32 83 3C 00 39 10 
0001.390 RX: [000006E2](00) 00 00 79 
0001.393 RX: [00000216](00) 42 6C 
0001.396 RX: [00000355](00) 00 00 00 00 00 00 40 
0001.400 RX: [00000002](00) 11 06 00 07 DC 
0001.404 RX: [00000177](00) FE 10 00 00 00 F8 00 00 
0001.410 RX: [000001F9](00) 28 00 14 B4 00 00 51 A8 
0001.414 RX: [00000284](00) 00 00 00 00 00 00 26 AC 
0001.419 RX: [000001F9](00) 28 00 14 9B 00 00 51 A8 
0001.423 RX: [00000245](00) FF E0 00 18 00 00 FF E0 
0001.428 RX: [000001F9](00) 28 00 14 9B 00 00 51 A8 
0001.432 RX: [00000285](00) 00 00 00 00 00 00 27 AE 
0001.437 RX: [00000355](00) 00 00 00 00 00 00 40 
0001.441 RX: [00000002](00) 11 06 00 07 10 
0001.444 RX: [00000177](00) FE 10 00 00 00 F8 00 00 
0001.449 RX: [000001F9](00) 28 00 14 B4 00 00 51 A8 
0001.454 RX: [00000284](00) 00 00 00 00 00 00 28 AE 
0001.459 RX: [000001F9](00) 28 00 14 B4 00 00 51 A8 
0001.463 RX: [00000245](00) FF E0 00 18 00 00 FF E2 
0001.468 RX: [00000160](00) 33 C3 27 00 08 FF E8 
0001.472 RX: [00000284](00) 00 00 00 00 00 00 29 AF 
0001.477 RX: [00000355](00) 00 00 00 00 00 00 40 
0001.481 RX: [00000002](00) 11 06 00 07 54 
0001.485 RX: [00000177](00) FE 10 00 00 00 F8 00 00 
0001.489 RX: [000006E2](00) 00 00 7A 
0001.492 RX: [00000284](00) 00 00 00 00 00 00 2A B0 
0001.498 RX: [000002DE](00) 02 00 80 04 90 00 0C 32 
0001.502 RX: [00000002](00) 11 06 00 07 76 
0001.506 RX: [000002DE](00) 02 00 80 04 90 00 0C 32 
0001.510 RX: [000001F9](00) 28 00 14 B4 00 00 51 A8 
0001.515 RX: [00000176](00) 00 00 02 52 00 00 03 
0001.519 RX: [00000182](00) 00 00 00 00 00 16 00 CF 
0001.524 RX: [00000515](00) 02 00 00 00 
0001.527 RX: [000002DE](00) 02 00 80 04 90 00 0C 32 
0001.532 RX: [00000285](00) 00 00 00 00 00 00 2C B3 
0001.537 RX: [000002DE](00) 02 00 80 04 90 00 0C 32 
0001.542 RX: [00000002](00) 11 06 00 07 BA 
0001.545 RX: [00000177](00) FE 10 00 00 00 F8 00 00 
0001.550 RX: [000002DE](00) 02 00 80 04 90 00 0C 32 
0001.554 RX: [00000284](00) 00 00 00 00 00 00 2D B3 
0001.559 RX: [00000355](00) 00 00 00 00 00 00 40 
0001.563 RX: [00000245](00) FF E0 00 18 00 00 FF E3 
0001.568 RX: [000002DE](00) 02 00 80 04 90 00 0C 32 
0001.572 RX: [00000284](00) 00 00 00 00 00 00 2E B4 
0001.576 RX: [000002DE](00) 02 00 80 04 90 00 0C 32 
0001.582 RX: [000001F9](00) 28 00 14 B4 00 00 51 A8 
0001.586 RX: [000002DE](00) 02 00 80 04 90 00 0C 32 
0001.591 RX: [00000160](00) 33 C3 27 00 08 FF E8 
0001.595 RX: [00000177](00) FE 10 00 00 00 F8 00 00 
0001.600 RX: [00000355](00) 00 00 00 00 00 00 40 
0001.604 RX: [00000351](00) 00 00 00 00 00 00 00 06 
0001.608 RX: [000002DE](00) 02 00 80 04 90 00 0C 32 
0001.613 RX: [00000284](00) 00 00 00 00 00 00 30 B6 
0001.617 RX: [000002DE](00) 02 00 80 04 90 00 0C 32 
0001.623 RX: [00000292](00) FF F7 F3 80 0F FE 00 00 
0001.627 RX: [000002DE](00) 02 00 80 04 90 00 0C 32 
0001.632 RX: [00000160](00) 33 C3 27 00 08 FF E8 
0001.636 RX: [000002DE](00) 02 00 80 04 90 00 0C 32 
0001.640 RX: [00000215](00) FF F4 FF 00 FF FF 
0001.644 RX: [00000176](00) 00 00 02 4B 00 00 00 
0001.649 RX: [000002DE](00) 02 00 80 04 90 00 0C 32 
0001.653 RX: [00000284](00) 00 00 00 00 00 00 32 B8 
0001.658 RX: [000002DE](00) 02 00 80 04 90 00 0C 32 
0001.662 RX: [00000182](00) 00 00 00 00 00 14 00 CF 
0001.668 RX: [000002DE](00) 02 00 80 04 90 00 0C 32 
0001.672 RX: [00000002](00) 11 06 00 07 67 
0001.676 RX: [00000355](00) 00 00 00 00 00 00 40 
0001.680 RX: [00000215](00) FF F4 FF 00 FF FF 
0001.684 RX: [00000174](00) FF EF FE AA 04 00 00 00 
0001.689 RX: [000002DE](00) 02 00 80 04 90 00 0C 32 
0001.693 RX: [00000180](00) 14 B4 32 43 3C 00 37 10 
0001.698 RX: [000002DE](00) 02 00 80 04 90 00 0C 32 
0001.702 RX: [00000245](00) FF E0 00 18 00 00 FF E2 
0001.707 RX: [000002DE](00) 02 00 80 04 90 00 0C 32 
0001.712 RX: [00000002](00) 11 06 00 07 AB 
0001.716 RX: [00000355](00) 00 00 00 00 00 00 40 
0001.720 RX: [00000215](00) FF F4 FF 00 FF FF 
0001.724 RX: [000001F9](00) 28 00 14 9B 00 00 51 A8 
0001.728 RX: [000002DE](00) 02 00 80 04 90 00 0C 32 
0001.733 RX: [00000284](00) 00 00 00 00 00 00 36 BC 
0001.737 RX: [00000551](00) 79 B1 00 80 FF 02 80 FF 
0001.742 RX: [00000245](00) FF E0 00 18 00 00 FF E0 
0001.746 RX: [000002DE](00) 02 00 80 04 90 00 0C 32 
0001.752 RX: [00000002](00) 11 06 00 07 EF 
0001.756 RX: [000001F9](00) 28 00 14 B4 00 00 51 A8 
0001.760 RX: [00000215](00) FF F4 FF 00 FF FF 
0001.764 RX: [0000035D](00) 80 03 00 00 00 00 00 00 
0001.769 RX: [00000421](00) 08 00 00 
0001.772 RX: [00000284](00) 00 00 00 00 00 00 38 BE 
0001.776 RX: [000002DE](00) 02 00 80 04 90 00 0C 32 
0001.781 RX: [00000002](00) 11 06 00 07 32 
0001.784 RX: [00000180](00) 14 B4 32 73 3C 00 30 10 
0001.789 RX: [000002DE](00) 02 00 80 04 90 00 0C 32 
0001.794 RX: [00000284](00) 00 00 00 00 00 00 39 BF 
0001.799 RX: [000006E2](00) 00 00 79 
0001.802 RX: [00000245](00) FF E0 00 18 00 00 FF E3 
0001.807 RX: [000002DE](00) 02 00 80 04 90 00 0C 32 
0001.811 RX: [00000002](00) 11 06 00 07 45 
0001.815 RX: [00000177](00) FE 10 00 00 00 F8 00 00 
0001.819 RX: [00000625](00) 02 80 FF 1D 20 00 
0001.823 RX: [00000515](00) 02 00 00 00 
0001.827 RX: [000002DE](00) 02 00 80 04 90 00 0C 32 
0001.831 RX: [00000002](00) 11 06 00 07 67 
0001.836 RX: [00000355](00) 00 00 00 00 00 00 40 
0001.840 RX: [00000215](00) FF F4 FF 00 FF FF 
0001.844 RX: [00000174](00) FF EF FE AA 04 00 00 00 
0001.849 RX: [000001F9](00) 28 00 14 9B 00 00 51 A8 
0001.853 RX: [00000284](00) 00 00 00 00 00 00 3C C2 
0001.858 RX: [000001F9](00) 28 00 14 9B 00 00 51 A8 
0001.862 RX: [00000245](00) FF E0 00 18 00 00 FF E2 
0001.867 RX: [00000160](00) 33 C3 27 00 08 FF E8 
0001.871 RX: [00000002](00) 11 06 00 07 AB 
0001.875 RX: [00000177](00) FE 10 00 00 00 F8 00 00 
0001.880 RX: [00000580](00) 00 82 40 B4 6C 
0001.884 RX: [00000358](00) 00 08 00 00 00 00 00 00 
0001.888 RX: [00000182](00) 00 00 00 00 00 1A 00 CF 
0001.893 RX: [00000284](00) 00 00 00 00 00 00 3E C4 
0001.897 RX: [000002DE](00) 02 00 80 04 90 00 0C 32 
0001.902 RX: [00000292](00) FF F7 F0 80 0F FE 00 00 
0001.906 RX: [000002DE](00) 02 00 80 04 90 00 0C 32 
0001.911 RX: [00000002](00) 11 06 00 07 EF 
0001.914 RX: [00000177](00) FE 10 00 00 00 F8 00 00 
0001.920 RX: [00000625](00) 02 80 FF 1D 20 00 
0001.924 RX: [00000515](00) 02 00 00 00 
0001.927 RX: [000002DE](00) 02 00 80 04 90 00 0C 32 
0001.932 RX: [00000002](00) 11 06 00 07 01 
0001.936 RX: [000002DE](00) 02 00 80 04 90 00 0C 32 
0001.940 RX: [00000215](00) FF F4 FF 00 FF FF 
0001.944 RX: [00000176](00) 00 00 02 49 00 00 0E 
0001.948 RX: [000002DE](00) 02 00 80 04 90 00 0C 32 
0001.953 RX: [00000284](00) 00 00 00 00 00 00 41 C7 
0001.957 RX: [00000355](00) 00 00 00 00 00 00 40 
0001.963 RX: [00000354](00) 00 00 00 00 00 18 04 00 
0001.967 RX: [000002DE](00) 02 00 80 04 90 00 0C 32 
0001.971 RX: [00000002](00) 11 06 00 07 45 
0001.975 RX: [00000177](00) FE 10 00 00 00 F8 00 00 
0001.980 RX: [00000160](00) 33 C3 27 00 08 FF E8 
0001.984 RX: [00000358](00) 00 08 00 00 00 00 00 00 
0001.988 RX: [000002DE](00) 02 00 80 04 90 00 0C 32 
0001.993 RX: [00000284](00) 00 00 00 00 00 00 43 C9 
0001.997 RX: [00000355](00) 00 00 00 00 00 00 40 
0002.002 RX: [00000245](00) FF E0 00 18 00 00 FF E1 
0002.007 RX: [000002DE](00) 02 00 80 04 90 00 0C 32 
0002.012 RX: [000001F9](00) 28 00 14 9B 00 00 51 A8 
0002.016 RX: [000002DE](00) 02 00 80 04 90 00 0C 32 
0002.021 RX: [00000215](00) FF F4 FF 00 FF FF 
0002.025 RX: [00000177](00) FE 10 00 00 00 F8 00 00 
0002.029 RX: [000002DE](00) 02 00 80 04 90 00 0C 32 
0002.033 RX: [00000284](00) 00 00 00 00 00 00 45 CB 
0002.038 RX: [00000355](00) 00 00 00 00 00 00 40 
0002.042 RX: [00000551](00) 79 B2 00 80 FF 02 80 FF 
0002.048 RX: [000002DE](00) 02 00 80 04 90 00 0C 32 
0002.052 RX: [00000182](00) 00 00 00 00 00 1A 00 CF 
0002.057 RX: [000002DE](00) 02 00 80 04 90 00 0C 32 
0002.061 RX: [00000002](00) 11 06 00 07 FE 
0002.065 RX: [00000421](00) 08 00 00 
0002.068 RX: [000002DE](00) 02 00 80 04 90 00 0C 32 
0002.073 RX: [00000285](00) 00 00 00 00 00 00 47 CE 
0002.077 RX: [00000355](00) 00 00 00 00 00 00 40 
0002.081 RX: [00000292](00) FF F7 F5 80 0F FE 00 00 
0002.086 RX: [000002DE](00) 02 00 80 04 90 00 0C 32 
0002.091 RX: [00000280](00) 01 39 80 00 00 00 44 40 
0002.096 RX: [00000177](00) FE 10 00 00 00 F8 00 00 
0002.100 RX: [00000215](00) FF F4 FF 00 FF FF 
0002.104 RX: [00000176](00) 00 00 02 4B 00 00 0E 
0002.108 RX: [000002DE](00) 02 00 80 04 90 00 0C 32 
0002.113 RX: [00000180](00) 14 9B 32 73 3C 00 30 10 
0002.117 RX: [00000355](00) 00 00 00 00 00 00 40 
0002.122 RX: [00000354](00) 00 00 00 00 00 18 04 00 
0002.126 RX: [000002DE](00) 02 00 80 04 90 00 0C 32 
0002.131 RX: [00000002](00) 11 06 00 07 45 
0002.135 RX: [0000054C](00) 6E 6C C0 00 00 80 04 08 
0002.140 RX: [000002DE](00) 02 00 80 04 90 00 0C 32 
0002.144 RX: [000001F9](00) 28 00 14 9B 00 00 51 A8 
0002.149 RX: [000002DE](00) 02 00 80 04 90 00 0C 32 
0002.153 RX: [00000284](00) 00 00 00 00 00 00 4B D1 
0002.158 RX: [00000355](00) 00 00 00 00 00 00 40 
0002.162 RX: [00000245](00) FF E0 00 18 00 00 FF E1 
0002.166 RX: [000002DE](00) 02 00 80 04 90 00 0C 32 
0002.171 RX: [00000002](00) 11 06 00 07 89 
0002.176 RX: [000002DE](00) 02 00 80 04 90 00 0C 32 
0002.180 RX: [00000215](00) FF F4 FF 00 FF FF 
0002.184 RX: [00000174](00) FF EF FE AA 06 00 00 00 
0002.189 RX: [00000580](00) 00 82 40 B2 6C 
0002.192 RX: [00000284](00) 00 00 00 00 00 00 4D D3 
0002.197 RX: [00000355](00) 00 00 00 00 00 00 40 
0002.201 RX: [00000002](00) 11 06 00 07 DC 
0002.205 RX: [000001F9](00) 28 00 14 9B 00 00 51 A8 
0002.209 RX: [000006E2](00) 00 00 79 
0002.213 RX: [00000174](00) FF EF FE AA 09 00 00 00 
0002.217 RX: [000002DE](00) 02 00 80 04 90 00 0C 32 
0002.223 RX: [00000245](00) FF E0 00 18 00 00 FF E0 
0002.227 RX: [000002DE](00) 02 00 80 04 90 00 0C 32 
0002.231 RX: [00000002](00) 11 06 00 07 EF 
0002.235 RX: [00000182](00) 00 00 00 00 00 1C 00 CF 
0002.240 RX: [00000215](00) FF F4 FF 00 FF FF 
0002.244 RX: [00000174](00) FF EF FE AA 0C 00 00 00 
0002.248 RX: [00000551](00) 79 B3 00 80 FF 02 80 FF 
0002.253 RX: [00000284](00) 00 00 00 00 00 00 50 D6 
0002.257 RX: [000001F9](00) 28 00 14 9B 00 00 51 A8 
0002.263 RX: [00000245](00) FF E0 00 18 00 00 FF E2 
0002.267 RX: [00000182](00) 00 00 00 00 00 1F 00 CF 
0002.272 RX: [00000002](00) 11 06 00 07 23 
0002.275 RX: [000002DE](00) 02 00 80 04 90 00 0C 32 
0002.280 RX: [00000215](00) FF F4 FF 00 FF FF 
0002.284 RX: [00000174](00) FF EF FE AA 00 00 00 00 
0002.288 RX: [00000580](00) 00 82 40 B4 6C 
0002.292 RX: [00000284](00) 00 00 00 00 00 00 52 D8 
0002.296 RX: [00000160](00) 33 C3 28 00 08 FF E8 
0002.301 RX: [00000002](00) 11 06 00 07 76 
0002.305 RX: [000002DE](00) 02 00 80 04 90 00 0C 32 
0002.310 RX: [000006E2](00) 00 00 7A 
0002.313 RX: [00000174](00) FF EF FE AA 03 00 00 00 
0002.318 RX: [00000160](00) 33 C3 28 00 08 FF E8 
0002.322 RX: [00000245](00) FF E0 00 18 00 00 FF E1 
0002.326 RX: [000002DE](00) 02 00 80 04 90 00 0C 32 
0002.331 RX: [00000002](00) 11 06 00 07 89 
0002.335 RX: [000002DE](00) 02 00 80 04 90 00 0C 32 
0002.339 RX: [000001F9](00) 28 00 14 69 00 00 51 A8 
0002.344 RX: [0000060D](00) 00 06 00 00 00 00 00 00 
0002.349 RX: [00000182](00) 00 00 00 00 00 17 00 CF 
0002.354 RX: [00000284](00) 00 00 00 00 00 00 55 DB 
0002.358 RX: [00000355](00) 00 00 00 00 00 00 40 
0002.362 RX: [00000245](00) FF E0 00 18 00 00 FF E3 
0002.367 RX: [000002DE](00) 02 00 80 04 90 00 0C 32 
0002.371 RX: [00000002](00) 11 06 00 07 CD 
0002.375 RX: [000002DE](00) 02 00 80 04 90 00 0C 32 
0002.379 RX: [00000215](00) FF F4 FF 00 FF FF 
0002.383 RX: [00000176](00) 00 00 02 47 00 00 0A 
0002.388 RX: [000002DE](00) 02 00 80 04 90 00 0C 32 
0002.393 RX: [00000284](00) 00 00 00 00 00 00 57 DD 
0002.398 RX: [00000355](00) 00 00 00 00 00 00 40 
0002.402 RX: [00000354](00) 00 00 00 00 00 10 04 00 
0002.406 RX: [000002DE](00) 02 00 80 04 90 00 0C 32 
0002.411 RX: [00000280](00) 01 3B 80 00 00 00 47 40 
0002.415 RX: [000002DE](00) 02 00 80 04 90 00 0C 32 
0002.420 RX: [00000180](00) 14 69 32 73 3D 00 3E 10 
0002.424 RX: [00000177](00) FE 10 00 00 00 F8 00 00 
0002.429 RX: [000002DE](00) 02 00 80 04 90 00 0C 32 
0002.434 RX: [00000284](00) 00 00 00 00 00 00 59 DF 
0002.439 RX: [00000355](00) 00 00 00 00 00 00 40 
0002.443 RX: [00000245](00) FF E0 00 18 00 00 FF E3 
0002.447 RX: [000002DE](00) 02 00 80 04 90 00 0C 32 
0002.452 RX: [00000285](00) 00 00 00 00 00 00 5A E1 
0002.456 RX: [000002DE](00) 02 00 80 04 90 00 0C 32 
0002.461 RX: [00000180](00) 14 82 32 83 3C 00 32 10 
0002.465 RX: [000002DE](00) 02 00 80 04 90 00 0C 32 
0002.470 RX: [00000280](00) 01 3B 80 00 00 00 46 40 
0002.475 RX: [00000177](00) FE 10 00 00 00 F8 00 00 
0002.480 RX: [00000215](00) FF F4 FF 00 FF FF 
0002.484 RX: [00000174](00) FF EF FE AA 04 00 00 00 
0002.488 RX: [000002DE](00) 02 00 80 04 90 00 0C 32 
0002.493 RX: [000001F9](00) 28 00 14 9B 00 00 51 A8 
0002.497 RX: [000002DE](00) 02 00 80 04 90 00 0C 32 
0002.502 RX: [00000160](00) 33 C3 28 00 08 FF E8 
0002.506 RX: [000002DE](00) 02 00 80 04 90 00 0C 32 
0002.510 RX: [00000002](00) 11 06 00 07 AB 
0002.514 RX: [000002DE](00) 02 00 80 04 90 00 0C 32 
0002.520 RX: [00000625](00) 02 80 FF 1D 20 00 
0002.524 RX: [00000515](00) 02 00 00 00 
0002.527 RX: [000002DE](00) 02 00 80 04 90 00 0C 32 
0002.532 RX: [00000002](00) 11 06 00 07 CD 
0002.535 RX: [000002DE](00) 02 00 80 04 90 00 0C 32 
0002.540 RX: [00000215](00) FF F4 FF 00 FF FF 
0002.544 RX: [00000177](00) FE 10 00 00 00 F8 00 00 
0002.548 RX: [000002DE](00) 02 00 80 04 90 00 0C 32 
0002.553 RX: [00000160](00) 33 C3 27 00 08 FF E8 
0002.557 RX: [00000355](00) 00 00 00 00 00 00 40 
0002.562 RX: [00000245](00) FF E0 00 18 00 00 FF E1 
0002.567 RX: [000002DE](00) 02 00 80 04 90 00 0C 32 
0002.571 RX: [00000002](00) 11 06 00 07 01 
0002.575 RX: [00000177](00) FE 10 00 00 00 F8 00 00 
0002.579 RX: [00000215](00) FF F4 FF 00 FF FF 
0002.583 RX: [00000180](00) 14 9B 32 93 3C 00 3E 10 
0002.588 RX: [000002DE](00) 02 00 80 04 90 00 0C 32 
0002.592 RX: [00000284](00) 00 00 00 00 00 00 61 E7 
0002.597 RX: [00000580](00) 00 82 40 B2 6C 
0002.601 RX: [00000354](00) 00 00 00 00 00 18 04 00 
0002.606 RX: [000002DE](00) 02 00 80 04 90 00 0C 32 
0002.611 RX: [00000280](00) 01 3A 80 00 00 00 45 40 
0002.615 RX: [00000180](00) 14 9B 32 73 3C 00 31 10 
0002.619 RX: [00000215](00) FF F4 FF 00 FF FF 
0002.623 RX: [00000174](00) FF EF FE AA 02 00 00 00 
0002.628 RX: [000002DE](00) 02 00 80 04 90 00 0C 32 
0002.632 RX: [00000284](00) 00 00 00 00 00 00 63 E9 
0002.637 RX: [0000054C](00) 6E 6C C0 00 00 80 04 08 
0002.641 RX: [00000354](00) 00 00 00 00 00 00 04 00 
0002.647 RX: [000002DE](00) 02 00 80 04 90 00 0C 32 
0002.651 RX: [00000002](00) 11 06 00 07 89 
0002.655 RX: [00000180](00) 14 9B 32 73 3C 00 35 10 
0002.660 RX: [00000215](00) FF F4 FF 00 FF FF 
0002.664 RX: [00000174](00) FF EF FE AA 06 00 00 00 
0002.668 RX: [000001F9](00) 28 00 14 9B 00 00 51 A8 
0002.673 RX: [00000284](00) 00 00 00 00 00 00 65 EB 
0002.677 RX: [00000355](00) 00 00 00 00 00 00 40 
0002.681 RX: [00000245](00) FF E0 00 18 00 00 FF E3 
0002.686 RX: [00000180](00) 14 69 32 73 3C 00 38 10 
0002.691 RX: [000005C5](00) 40 01 CF 22 00 0C 00 7F 
0002.696 RX: [000002DE](00) 02 00 80 04 90 00 0C 32 
0002.700 RX: [00000215](00) FF F4 FF 00 FF FF 
0002.704 RX: [00000560](00) 4C 10 47 
0002.707 RX: [000001F9](00) 28 00 14 69 00 00 51 A8 
0002.712 RX: [00000284](00) 00 00 00 00 00 00 67 ED 
0002.716 RX: [00000355](00) 00 00 00 00 00 00 40 
0002.721 RX: [00000002](00) 11 06 00 07 10 
0002.724 RX: [00000421](00) 08 00 00 
0002.728 RX: [000001F9](00) 28 00 14 82 00 00 51 A8 
0002.733 RX: [00000284](00) 00 00 00 00 00 00 68 EE 
0002.738 RX: [00000160](00) 33 C3 28 00 08 FF E8 
0002.742 RX: [00000245](00) FF E0 00 18 00 00 FF E2 
0002.746 RX: [000002DE](00) 02 00 80 04 90 00 0C 32 
0002.751 RX: [00000002](00) 11 06 00 07 23 
0002.754 RX: [000002DE](00) 02 00 80 04 90 00 0C 32 
0002.759 RX: [00000551](00) 79 B6 00 80 FF 02 80 FF 
0002.763 RX: [00000174](00) FF EF FE AA 00 00 00 00 
0002.768 RX: [00000182](00) 00 00 00 00 00 10 00 CF 
0002.772 RX: [00000284](00) 00 00 00 00 00 00 6A F0 
0002.778 RX: [000002DE](00) 02 00 80 04 90 00 0C 32 
0002.782 RX: [00000245](00) FF E0 00 18 00 00 FF E0 
0002.787 RX: [000002DE](00) 02 00 80 04 90 00 0C 32 
0002.791 RX: [000005C5](00) 40 01 CF 22 00 0C 00 7F 
0002.796 RX: [00000355](00) 00 00 00 00 00 00 40 
0002.800 RX: [00000002](00) 11 06 00 07 98 
0002.804 RX: [00000560](00) 4C 11 48 
0002.807 RX: [000002DE](00) 02 00 80 04 90 00 0C 32 
0002.812 RX: [00000284](00) 00 00 00 00 00 00 6C F2 
0002.817 RX: [000002DE](00) 02 00 80 04 90 00 0C 32 
0002.821 RX: [00000002](00) 11 06 00 07 BA 
0002.825 RX: [000002DE](00) 02 00 80 04 90 00 0C 32 
0002.830 RX: [00000180](00) 14 82 32 83 3C 00 36 10 
0002.834 RX: [00000176](00) 00 00 02 47 00 00 07 
0002.838 RX: [00000355](00) 00 00 00 00 00 00 40 
0002.843 RX: [0000060D](00) 00 06 00 00 00 00 00 00 
0002.847 RX: [000002DE](00) 02 00 80 04 90 00 0C 32 
0002.852 RX: [00000284](00) 00 00 00 00 00 00 6E F4 
0002.856 RX: [000002DE](00) 02 00 80 04 90 00 0C 32 
0002.862 RX: [00000551](00) 79 B6 00 80 FF 02 80 FF 
0002.866 RX: [000002DE](00) 02 00 80 04 90 00 0C 32 
0002.871 RX: [00000002](00) 11 06 00 07 EF 
0002.874 RX: [00000177](00) FE 10 00 00 00 F8 00 00 
0002.879 RX: [00000355](00) 00 00 00 00 00 00 40 
0002.883 RX: [00000358](00) 00 08 00 00 00 00 00 00 
0002.887 RX: [000002DE](00) 02 00 80 04 90 00 0C 32 
0002.892 RX: [000005C5](00) 40 01 CF 22 00 0C 00 7F 
0002.896 RX: [000002DE](00) 02 00 80 04 90 00 0C 32 
0002.902 RX: [00000182](00) 00 00 00 00 00 1D 00 CF 
0002.906 RX: [000002DE](00) 02 00 80 04 90 00 0C 32 
0002.911 RX: [00000002](00) 11 06 00 07 23 
0002.915 RX: [000002DE](00) 02 00 80 04 90 00 0C 32 
0002.919 RX: [00000625](00) 02 80 FF 1D 20 00 
0002.923 RX: [000006E2](00) 00 00 78 
0002.926 RX: [000002DE](00) 02 00 80 04 90 00 0C 32 
0002.931 RX: [00000002](00) 11 06 00 07 45 
0002.935 RX: [000002DE](00) 02 00 80 04 90 00 0C 32 
0002.939 RX: [00000215](00) FF F4 FF 00 FF FF 
0002.944 RX: [00000176](00) 00 00 02 49 00 00 02 
0002.948 RX: [000002DE](00) 02 00 80 04 90 00 0C 32 
0002.953 RX: [00000180](00) 14 82 32 83 3C 00 32 10 
0002.957 RX: [00000355](00) 00 00 00 00 00 00 40 
0002.961 RX: [00000354](00) 00 00 00 00 00 00 04 00 
0002.966 RX: [000002DE](00) 02 00 80 04 90 00 0C 32 
0002.970 RX: [00000002](00) 11 06 00 07 89 
0002.974 RX: [00000177](00) FE 10 00 00 00 F8 00 00 
0002.979 RX: [000002DE](00) 02 00 80 04 90 00 0C 32 
0002.983 RX: [000001F9](00) 28 00 14 9B 00 00 51 A8 
0002.989 RX: [000002DE](00) 02 00 80 04 90 00 0C 32 
0002.993 RX: [00000284](00) 00 00 00 00 00 00 75 FB 
0002.998 RX: [00000355](00) 00 00 00 00 00 00 40 
0003.002 RX: [00000245](00) FF E0 00 18 00 00 FF E3 
0003.006 RX: [00000580](00) 00 82 40 B2 6C 
0003.010 RX: [00000002](00) 11 06 00 07 CD 
0003.014 RX: [00000177](00) FE 10 00 00 00 F8 00 00 
0003.018 RX: [00000625](00) 02 80 FF 1D 20 00 
0003.022 RX: [00000515](00) 02 00 00 00 
0003.026 RX: [000002DE](00) 02 00 80 04 90 00 0C 32 
0003.031 RX: [00000002](00) 11 06 00 07 EF 
0003.035 RX: [000002DE](00) 02 00 80 04 90 00 0C 32 
0003.039 RX: [00000215](00) FF F4 FF 00 FF FF 
0003.043 RX: [00000174](00) FF EF FE AA 0C 00 00 00 
0003.048 RX: [000002DE](00) 02 00 80 04 90 00 0C 32 
0003.052 RX: [00000284](00) 00 00 00 00 00 00 78 FE 
0003.057 RX: [000002DE](00) 02 00 80 04 90 00 0C 32 
0003.061 RX: [00000245](00) FF E0 00 18 00 00 FF E2 
0003.066 RX: [00000551](00) 79 B7 00 80 FF 02 80 FF 
0003.070 RX: [00000002](00) 11 06 00 07 23 
0003.075 RX: [00000182](00) 00 00 00 00 00 1E 00 CF 
0003.079 RX: [00000215](00) FF F4 FF 00 FF FF 
0003.083 RX: [00000176](00) 00 00 02 4D 00 00 00 
0003.088 RX: [000002DE](00) 02 00 80 04 90 00 0C 32 
0003.092 RX: [00000284](00) 00 00 00 00 00 00 7A 00 
0003.097 RX: [000001F9](00) 28 00 14 9B 00 00 51 A8 
0003.101 RX: [00000245](00) FF E0 00 18 00 00 FF E0 
0003.106 RX: [00000180](00) 14 82 32 83 3C 00 31 10 
0003.110 RX: [00000002](00) 11 06 00 07 67 
0003.115 RX: [000002DE](00) 02 00 80 04 90 00 0C 32 
0003.119 RX: [00000625](00) 02 80 FF 1D 20 00 
0003.123 RX: [00000174](00) FF EF FE AA 04 00 00 00 
0003.128 RX: [000006E2](00) 00 00 7A 
0003.131 RX: [00000284](00) 00 00 00 00 00 00 7C 02 
0003.136 RX: [000002DE](00) 02 00 80 04 90 00 0C 32 
0003.140 RX: [00000002](00) 11 06 00 07 BA 
0003.144 RX: [00000421](00) 08 00 00 
0003.147 RX: [000001F9](00) 28 00 14 9B 00 00 51 A8 
0003.151 RX: [00000284](00) 00 00 00 00 00 00 7D 03 
0003.156 RX: [00000355](00) 00 00 00 00 00 00 40 
0003.161 RX: [00000002](00) 11 06 00 07 DC 
0003.165 RX: [000002DE](00) 02 00 80 04 90 00 0C 32 
0003.169 RX: [00000551](00) 79 B8 00 80 FF 02 80 FF 
0003.174 RX: [00000176](00) 00 00 02 4B 00 00 09 
0003.178 RX: [000001F9](00) 28 00 14 69 00 00 51 A8 
0003.183 RX: [00000358](00) 00 08 00 00 00 00 00 00 
0003.187 RX: [000002DE](00) 02 00 80 04 90 00 0C 32 
0003.192 RX: [00000284](00) 00 00 00 00 00 00 7F 05 
0003.196 RX: [00000355](00) 00 00 00 00 00 00 40 
0003.201 RX: [00000292](00) FF F7 F5 80 0F FE 00 00 
0003.206 RX: [000002DE](00) 02 00 80 04 90 00 0C 32 
0003.210 RX: [00000280](00) 01 3A 80 00 00 00 41 40 
0003.215 RX: [00000177](00) FE 10 00 00 00 F8 00 00 
0003.219 RX: [00000625](00) 02 80 FF 1D 20 00 
0003.223 RX: [00000176](00) 00 00 02 49 00 00 0E 
0003.227 RX: [000002DE](00) 02 00 80 04 90 00 0C 32 
0003.232 RX: [00000284](00) 00 00 00 00 00 00 81 07 
0003.236 RX: [00000355](00) 00 00 00 00 00 00 40 
0003.241 RX: [00000354](00) 00 00 00 00 00 18 04 00 
0003.246 RX: [000002DE](00) 02 00 80 04 90 00 0C 32 
0003.251 RX: [00000280](00) 01 3A 80 00 00 00 44 40 
0003.255 RX: [00000177](00) FE 10 00 00 00 F8 00 00 
0003.260 RX: [00000180](00) 14 82 32 83 3D 00 30 10 
0003.264 RX: [00000177](00) FE 10 00 00 00 F8 00 00 
0003.269 RX: [000002DE](00) 02 00 80 04 90 00 0C 32 
0003.273 RX: [00000284](00) 00 00 00 00 00 00 83 09 
0003.277 RX: [00000355](00) 00 00 00 00 00 00 40 
0003.282 RX: [00000358](00) 00 08 00 00 00 00 00 00 
0003.287 RX: [000002DE](00) 02 00 80 04 90 00 0C 32 
0003.292 RX: [00000285](00) 00 00 00 00 00 00 84 0B 
0003.296 RX: [000002DE](00) 02 00 80 04 90 00 0C 32 
0003.301 RX: [00000180](00) 14 69 32 83 3D 00 34 10 
0003.305 RX: [000002DE](00) 02 00 80 04 90 00 0C 32 
0003.310 RX: [00000280](00) 01 39 80 00 00 00 44 40 
0003.314 RX: [00000177](00) FE 10 00 00 00 F8 00 00 
0003.319 RX: [00000215](00) FF F4 FF 00 FF FF 
0003.323 RX: [00000174](00) FF EF FE AA 08 00 00 00 
0003.328 RX: [000002DE](00) 02 00 80 04 90 00 0C 32 
0003.333 RX: [00000284](00) 00 00 00 00 00 00 86 0C 
0003.337 RX: [000002DE](00) 02 00 80 04 90 00 0C 32 
0003.341 RX: [00000245](00) FF E0 00 18 00 00 FF E0 
0003.346 RX: [000002DE](00) 02 00 80 04 90 00 0C 32 
0003.350 RX: [00000002](00) 11 06 00 07 EF 
0003.354 RX: [000002DE](00) 02 00 80 04 90 00 0C 32 
0003.359 RX: [00000215](00) FF F4 FF 00 FF FF 
0003.363 RX: [00000174](00) FF EF FE AA 0C 00 00 00 
0003.367 RX: [000002DE](00) 02 00 80 04 90 00 0C 32 
0003.373 RX: [00000180](00) 14 82 32 83 3C 00 3B 10 
0003.377 RX: [000002DE](00) 02 00 80 04 90 00 0C 32 
0003.382 RX: [00000245](00) FF E0 00 18 00 00 FF E2 
0003.386 RX: [000002DE](00) 02 00 80 04 90 00 0C 32 
0003.391 RX: [000005C5](00) 40 01 CF 22 00 0C 00 7F 
0003.395 RX: [000002DE](00) 02 00 80 04 90 00 0C 32 
0003.400 RX: [00000215](00) FF F4 FF 00 FF FF 
0003.403 RX: [00000560](00) 4C 17 0E 
0003.407 RX: [000002DE](00) 02 00 80 04 90 00 0C 32 
0003.411 RX: [00000284](00) 00 00 00 00 00 00 8A 10 
0003.417 RX: [000002DE](00) 02 00 80 04 90 00 0C 32 
0003.421 RX: [00000292](00) FF F7 ED 80 0F FE 00 00 
0003.426 RX: [000002DE](00) 02 00 80 04 90 00 0C 32 
0003.430 RX: [00000002](00) 11 06 00 07 67 
0003.434 RX: [000001F9](00) 28 00 14 69 00 00 51 A8 
0003.438 RX: [000006E2](00) 00 00 79 
0003.442 RX: [0000060D](00) 00 06 00 00 00 00 00 00 
0003.446 RX: [000002DE](00) 02 00 80 04 90 00 0C 32 
0003.451 RX: [00000285](00) 00 00 00 00 00 00 8C 13 
0003.456 RX: [000002DE](00) 02 00 80 04 90 00 0C 32 
0003.461 RX: [00000002](00) 11 06 00 07 BA 
0003.464 RX: [000001F9](00) 28 00 14 82 00 00 51 A8 
0003.469 RX: [000002DE](00) 02 00 80 04 90 00 0C 32 
0003.473 RX: [00000284](00) 00 00 00 00 00 00 8D 13 
0003.478 RX: [00000355](00) 00 00 00 00 00 00 40 
0003.482 RX: [00000358](00) 00 08 00 00 00 00 00 00 
0003.486 RX: [000002DE](00) 02 00 80 04 90 00 0C 32 
0003.491 RX: [00000284](00) 00 00 00 00 00 00 8E 14 
0003.495 RX: [000002DE](00) 02 00 80 04 90 00 0C 32 
0003.501 RX: [00000002](00) 11 06 00 07 FE 
0003.505 RX: [00000180](00) 14 9B 32 83 3C 00 38 10 
0003.509 RX: [000002DE](00) 02 00 80 04 90 00 0C 32 
0003.514 RX: [00000216](00) 42 6C 
0003.517 RX: [00000580](00) 00 82 40 B4 6C 
0003.520 RX: [00000292](00) FF F7 F5 80 0F FE 00 00 
0003.525 RX: [00000177](00) FE 10 00 00 00 F8 00 00 
0003.529 RX: [000001F9](00) 28 00 14 9B 00 00 51 A8 
0003.534 RX: [00000177](00) FE 10 00 00 00 F8 00 00 
0003.538 RX: [000006E2](00) 00 00 7A 
0003.542 RX: [00000174](00) FF EF FE AA 0E 00 00 00 
0003.547 RX: [000001F9](00) 28 00 14 69 00 00 51 A8 
0003.551 RX: [00000284](00) 00 00 00 00 00 00 91 17 
0003.556 RX: [00000355](00) 00 00 00 00 00 00 40 
0003.560 RX: [00000002](00) 11 06 00 07 54 
0003.564 RX: [00000421](00) 08 00 00 
0003.567 RX: [000001F9](00) 28 00 14 82 00 00 51 A8 
0003.572 RX: [00000284](00) 00 00 00 00 00 00 92 18 
0003.576 RX: [000002DE](00) 02 00 80 04 90 00 0C 32 
0003.581 RX: [00000245](00) FF E0 00 18 00 00 FF E0 
0003.586 RX: [000002DE](00) 02 00 80 04 90 00 0C 32 
0003.591 RX: [00000002](00) 11 06 00 07 67 
0003.594 RX: [00000177](00) FE 10 00 00 00 F8 00 00 
0003.599 RX: [000001F9](00) 28 00 14 82 00 00 51 A8 
0003.603 RX: [00000174](00) FF EF FE AA 04 00 00 00 
0003.608 RX: [00000182](00) 00 00 00 00 00 12 00 CF 
0003.612 RX: [00000284](00) 00 00 00 00 00 00 94 1A 
0003.617 RX: [000002DE](00) 02 00 80 04 90 00 0C 32 
0003.621 RX: [00000245](00) FF E0 00 18 00 00 FF E2 
0003.627 RX: [000002DE](00) 02 00 80 04 90 00 0C 32 
0003.631 RX: [00000002](00) 11 06 00 07 AB 
0003.635 RX: [00000355](00) 00 00 00 00 00 00 40 
0003.639 RX: [000006E2](00) 00 00 7B 
0003.642 RX: [00000176](00) 00 00 02 49 00 00 08 
0003.647 RX: [000002DE](00) 02 00 80 04 90 00 0C 32 
0003.651 RX: [00000284](00) 00 00 00 00 00 00 96 1C 
0003.656 RX: [000002DE](00) 02 00 80 04 90 00 0C 32 
0003.660 RX: [00000002](00) 11 06 00 07 FE 
0003.664 RX: [000002DE](00) 02 00 80 04 90 00 0C 32 
0003.668 RX: [00000160](00) 33 C3 28 00 08 FF E8 
0003.673 RX: [00000216](00) 42 6C 
0003.676 RX: [00000355](00) 00 00 00 00 00 00 40 
0003.681 RX: [00000551](00) 79 BA 00 80 FF 02 80 FF 
0003.685 RX: [000002DE](00) 02 00 80 04 90 00 0C 32 
0003.690 RX: [00000182](00) 00 00 00 00 00 1A 00 CF 
0003.694 RX: [00000177](00) FE 10 00 00 00 F8 00 00 
0003.699 RX: [00000215](00) FF F4 FF 00 FF FF 
0003.703 RX: [00000176](00) 00 00 02 45 00 00 0E 
0003.707 RX: [000002DE](00) 02 00 80 04 90 00 0C 32 
0003.712 RX: [00000284](00) 00 00 00 00 00 00 99 1F 
0003.717 RX: [00000355](00) 00 00 00 00 00 00 40 
0003.721 RX: [00000292](00) FF F7 ED 80 0F FE 00 00 
0003.726 RX: [000002DE](00) 02 00 80 04 90 00 0C 32 
0003.730 RX: [00000002](00) 11 06 00 07 45 
0003.734 RX: [0000054C](00) 6E 6C C0 00 00 80 04 08 
0003.738 RX: [000002DE](00) 02 00 80 04 90 00 0C 32 
0003.743 RX: [0000060D](00) 00 06 00 00 00 00 00 00 
0003.747 RX: [000002DE](00) 02 00 80 04 90 00 0C 32 
0003.752 RX: [00000284](00) 00 00 00 00 00 00 9B 21 
0003.757 RX: [00000355](00) 00 00 00 00 00 00 40 
0003.761 RX: [00000180](00) 14 82 32 93 3C 00 31 10 
0003.766 RX: [000002DE](00) 02 00 80 04 90 00 0C 32 
0003.770 RX: [00000002](00) 11 06 00 07 89 
0003.774 RX: [00000177](00) FE 10 00 00 00 F8 00 00 
0003.779 RX: [00000215](00) FF F4 FF 00 FF FF 
0003.783 RX: [00000176](00) 00 00 02 49 00 00 06 
0003.787 RX: [000002DE](00) 02 00 80 04 90 00 0C 32 
0003.791 RX: [00000180](00) 14 82 32 83 3C 00 34 10 
0003.796 RX: [00000355](00) 00 00 00 00 00 00 40 
0003.801 RX: [00000292](00) FF F7 F3 80 0F FE 00 00 
0003.805 RX: [000002DE](00) 02 00 80 04 90 00 0C 32 
0003.810 RX: [00000280](00) 01 3B 80 00 00 00 48 40 
0003.814 RX: [00000177](00) FE 10 00 00 00 F8 00 00 
0003.819 RX: [00000215](00) FF F4 FF 00 FF FF 
0003.823 RX: [00000580](00) 00 82 40 B2 6C 
0003.827 RX: [000002DE](00) 02 00 80 04 90 00 0C 32 
0003.831 RX: [00000284](00) 00 00 00 00 00 00 9F 25 
0003.836 RX: [00000355](00) 00 00 00 00 00 00 40 
0003.841 RX: [00000002](00) 11 06 00 07 10 
0003.845 RX: [000002DE](00) 02 00 80 04 90 00 0C 32 
0003.849 RX: [00000280](00) 01 3A 80 00 00 00 43 40 
0003.854 RX: [00000180](00) 14 82 32 83 3C 00 3A 10 
0003.858 RX: [000002DE](00) 02 00 80 04 90 00 0C 32 
0003.862 RX: [0000035D](00) 80 03 00 00 00 00 00 00 
0003.867 RX: [000002DE](00) 02 00 80 04 90 00 0C 32 
0003.871 RX: [00000284](00) 00 00 00 00 00 00 A1 27 
0003.876 RX: [00000355](00) 00 00 00 00 00 00 40 
0003.880 RX: [00000354](00) 00 00 00 00 00 18 04 00 
0003.886 RX: [000002DE](00) 02 00 80 04 90 00 0C 32 
0003.890 RX: [00000280](00) 01 39 80 00 00 00 43 40 
0003.895 RX: [00000182](00) 00 00 00 00 00 1E 00 CF 
0003.899 RX: [00000215](00) FF F4 FF 00 FF FF 
0003.903 RX: [00000560](00) 4C 10 47 
0003.906 RX: [000002DE](00) 02 00 80 04 90 00 0C 32 
0003.911 RX: [00000284](00) 00 00 00 00 00 00 A3 29 
0003.915 RX: [00000355](00) 00 00 00 00 00 00 40 
0003.920 RX: [00000002](00) 11 06 00 07 98 
0003.923 RX: [00000421](00) 08 00 00 
0003.927 RX: [00000580](00) 00 82 40 B4 6C 
0003.931 RX: [00000284](00) 00 00 00 00 00 00 A4 2A 
0003.936 RX: [00000182](00) 00 00 00 00 00 12 00 CF 
0003.940 RX: [00000002](00) 11 06 00 07 BA 
0003.944 RX: [00000177](00) FE 10 00 00 00 F8 00 00 
0003.948 RX: [000006E2](00) 00 00 7A 
0003.952 RX: [00000216](00) 42 6C 
0003.955 RX: [000001F9](00) 28 00 14 9B 00 00 51 A8 
0003.959 RX: [00000215](00) FF F4 FF 00 FF FF 
0003.963 RX: [00000177](00) FE 10 00 00 00 F8 00 00 
0003.969 RX: [000001F9](00) 28 00 14 82 00 00 51 A8 
0003.973 RX: [00000284](00) 00 00 00 00 00 00 A6 2C 
0003.978 RX: [000001F9](00) 28 00 14 82 00 00 51 A8 
0003.982 RX: [00000245](00) FF E0 00 18 00 00 FF E0 
0003.987 RX: [00000182](00) 00 00 00 00 00 17 00 CF 
0003.991 RX: [00000284](00) 00 00 00 00 00 00 A7 2D 
0003.995 RX: [00000355](00) 00 00 00 00 00 00 40 
0004.000 RX: [00000002](00) 11 06 00 07 10 
0004.003 RX: [000002DE](00) 02 00 80 04 90 00 0C 32 
0004.008 RX: [000001F9](00) 28 00 14 82 00 00 51 A8 
0004.013 RX: [00000216](00) 42 6C 
0004.016 RX: [000001F9](00) 28 00 14 82 00 00 51 A8 
0004.021 RX: [00000292](00) FF F7 F0 80 0F FE 00 00 
0004.025 RX: [000002DE](00) 02 00 80 04 90 00 0C 32 
0004.030 RX: [00000002](00) 11 06 00 07 23 
0004.034 RX: [0000054C](00) 6E 6C C0 00 00 80 04 08 
0004.038 RX: [000001F9](00) 28 00 14 82 00 00 51 A8 
0004.043 RX: [00000174](00) FF EF FE AA 00 00 00 00 
0004.047 RX: [000002DE](00) 02 00 80 04 90 00 0C 32 
0004.052 RX: [00000284](00) 00 00 00 00 00 00 AA 30 
0004.057 RX: [000002DE](00) 02 00 80 04 90 00 0C 32 
0004.061 RX: [00000245](00) FF E0 00 18 00 00 FF E0 
0004.066 RX: [000002DE](00) 02 00 80 04 90 00 0C 32 
0004.070 RX: [00000002](00) 11 06 00 07 67 
0004.074 RX: [000002DE](00) 02 00 80 04 90 00 0C 32 
0004.079 RX: [00000182](00) 00 00 00 00 00 10 00 CF 
0004.083 RX: [00000177](00) FE 10 00 00 00 F8 00 00 
0004.088 RX: [000002DE](00) 02 00 80 04 90 00 0C 32 
0004.092 RX: [00000284](00) 00 00 00 00 00 00 AC 32 
0004.098 RX: [000002DE](00) 02 00 80 04 90 00 0C 32 
0004.102 RX: [00000245](00) FF E0 00 18 00 00 FF E2 
0004.107 RX: [000002DE](00) 02 00 80 04 90 00 0C 32 
0004.111 RX: [00000284](00) 00 00 00 00 00 00 AD 33 
0004.116 RX: [00000355](00) 00 00 00 00 00 00 40 
0004.120 RX: [000001F9](00) 28 00 14 69 00 00 51 A8 
0004.124 RX: [00000177](00) FE 10 00 00 00 F8 00 00 
0004.129 RX: [000002DE](00) 02 00 80 04 90 00 0C 32 
0004.133 RX: [00000177](00) FE 10 00 00 00 F8 00 00 
0004.139 RX: [000002DE](00) 02 00 80 04 90 00 0C 32 
0004.143 RX: [00000174](00) FF EF FE AA 0A 00 00 00 
0004.148 RX: [000002DE](00) 02 00 80 04 90 00 0C 32 
0004.152 RX: [000006E2](00) 00 00 78 
0004.155 RX: [00000355](00) 00 00 00 00 00 00 40 
0004.160 RX: [00000002](00) 11 06 00 07 10 
0004.163 RX: [00000421](00) 08 00 00 
0004.167 RX: [000002DE](00) 02 00 80 04 90 00 0C 32 
0004.171 RX: [00000285](00) 00 00 00 00 00 00 B0 37 
0004.176 RX: [000002DE](00) 02 00 80 04 90 00 0C 32 
0004.180 RX: [00000160](00) 33 C3 28 00 08 FF E8 
0004.185 RX: [000002DE](00) 02 00 80 04 90 00 0C 32 
0004.190 RX: [00000280](00) 01 39 80 00 00 00 43 40 
0004.194 RX: [00000177](00) FE 10 00 00 00 F8 00 00 
0004.199 RX: [00000215](00) FF F4 FF 00 FF FF 
0004.203 RX: [00000177](00) FE 10 00 00 00 F8 00 00 
0004.207 RX: [000002DE](00) 02 00 80 04 90 00 0C 32 
0004.212 RX: [00000182](00) 00 00 00 00 00 1D 00 CF 
0004.216 RX: [000002DE](00) 02 00 80 04 90 00 0C 32 
0004.221 RX: [00000245](00) FF E0 00 18 00 00 FF E0 
0004.226 RX: [000002DE](00) 02 00 80 04 90 00 0C 32 
0004.231 RX: [00000002](00) 11 06 00 07 67 
0004.234 RX: [00000355](00) 00 00 00 00 00 00 40 
0004.239 RX: [00000215](00) FF F4 FF 00 FF FF 
0004.243 RX: [00000174](00) FF EF FE AA 04 00 00 00 
0004.247 RX: [000002DE](00) 02 00 80 04 90 00 0C 32 
0004.251 RX: [00000284](00) 00 00 00 00 00 00 B4 3A 
0004.256 RX: [000002DE](00) 02 00 80 04 90 00 0C 32 
0004.260 RX: [00000245](00) FF E0 00 18 00 00 FF E2 
0004.265 RX: [000002DE](00) 02 00 80 04 90 00 0C 32 
0004.270 RX: [00000002](00) 11 06 00 07 AB 
0004.274 RX: [00000216](00) 42 6C 
0004.277 RX: [00000215](00) FF F4 FF 00 FF FF 
0004.281 RX: [00000245](00) FF E0 00 18 00 00 FF E3 
0004.286 RX: [000002DE](00) 02 00 80 04 90 00 0C 32 
0004.290 RX: [000005C5](00) 40 01 CF 22 00 0C 00 7F 
0004.295 RX: [000002DE](00) 02 00 80 04 90 00 0C 32 
0004.299 RX: [00000215](00) FF F4 FF 00 FF FF 
0004.303 RX: [00000182](00) 00 00 00 00 00 16 00 CF 
0004.308 RX: [000002DE](00) 02 00 80 04 90 00 0C 32 
0004.313 RX: [00000174](00) FF EF FE AA 0B 00 00 00 
0004.317 RX: [00000355](00) 00 00 00 00 00 00 40 
0004.322 RX: [00000245](00) FF E0 00 18 00 00 FF E1 
0004.326 RX: [000002DE](00) 02 00 80 04 90 00 0C 32 
0004.331 RX: [00000284](00) 00 00 00 00 00 00 B8 3E 
0004.335 RX: [0000054C](00) 6E 6C C0 00 00 80 04 08 
0004.340 RX: [00000002](00) 11 06 00 07 32 
0004.343 RX: [00000160](00) 33 C3 28 00 08 FF E8 
0004.348 RX: [000002DE](00) 02 00 80 04 90 00 0C 32 
0004.353 RX: [00000174](00) FF EF FE AA 0F 00 00 00 
0004.358 RX: [000006E2](00) 00 00 7A 
0004.361 RX: [0000035D](00) 80 03 00 00 00 00 00 00 
0004.365 RX: [00000180](00) 14 B4 32 83 3C 00 3C 10 
0004.370 RX: [00000002](00) 11 06 00 07 45 
0004.374 RX: [00000177](00) FE 10 00 00 00 F8 00 00 
0004.378 RX: [000001F9](00) 28 00 14 B4 00 00 51 A8 
0004.382 RX: [00000176](00) 00 00 02 49 00 00 02 
0004.387 RX: [000001F9](00) 28 00 14 9B 00 00 51 A8 
0004.391 RX: [00000284](00) 00 00 00 00 00 00 BB 41 
0004.397 RX: [000001F9](00) 28 00 14 9B 00 00 51 A8 
0004.401 RX: [00000354](00) 00 00 00 00 00 00 04 00 
0004.406 RX: [000002DE](00) 02 00 80 04 90 00 0C 32 
0004.410 RX: [00000002](00) 11 06 00 07 89 
0004.414 RX: [000002DE](00) 02 00 80 04 90 00 0C 32 
0004.418 RX: [00000215](00) FF F4 FF 00 FF FF 
0004.422 RX: [00000177](00) FE 10 00 00 00 F8 00 00 
0004.427 RX: [000001F9](00) 28 00 14 B4 00 00 51 A8 
0004.431 RX: [00000284](00) 00 00 00 00 00 00 BD 43 
0004.436 RX: [00000355](00) 00 00 00 00 00 00 40 
0004.441 RX: [00000245](00) FF E0 00 18 00 00 FF E3 
0004.446 RX: [000002DE](00) 02 00 80 04 90 00 0C 32 
0004.450 RX: [00000002](00) 11 06 00 07 CD 
0004.454 RX: [000002DE](00) 02 00 80 04 90 00 0C 32 
0004.458 RX: [00000215](00) FF F4 FF 00 FF FF 
0004.462 RX: [00000176](00) 00 00 02 49 00 00 0A 
0004.466 RX: [000002DE](00) 02 00 80 04 90 00 0C 32 
0004.471 RX: [00000284](00) 00 00 00 00 00 00 BF 45 
0004.475 RX: [00000355](00) 00 00 00 00 00 00 40 
0004.481 RX: [00000292](00) FF F7 F8 80 0F FE 00 00 
0004.485 RX: [000002DE](00) 02 00 80 04 90 00 0C 32 
0004.490 RX: [00000280](00) 01 3B 80 00 00 00 44 40 
0004.494 RX: [00000177](00) FE 10 00 00 00 F8 00 00 
0004.499 RX: [00000182](00) 00 00 00 00 00 19 00 CF 
0004.503 RX: [00000177](00) FE 10 00 00 00 F8 00 00 
0004.508 RX: [000002DE](00) 02 00 80 04 90 00 0C 32 
0004.512 RX: [00000284](00) 00 00 00 00 00 00 C1 47 
0004.516 RX: [00000355](00) 00 00 00 00 00 00 40 
0004.521 RX: [00000245](00) FF E0 00 18 00 00 FF E3 
0004.526 RX: [000002DE](00) 02 00 80 04 90 00 0C 32 
0004.531 RX: [00000285](00) 00 00 00 00 00 00 C2 49 
0004.535 RX: [000002DE](00) 02 00 80 04 90 00 0C 32 
0004.540 RX: [00000002](00) 11 06 00 07 76 
0004.543 RX: [00000177](00) FE 10 00 00 00 F8 00 00 
0004.548 RX: [000002DE](00) 02 00 80 04 90 00 0C 32 
0004.552 RX: [00000174](00) FF EF FE AA 03 00 00 00 
0004.557 RX: [00000355](00) 00 00 00 00 00 00 40 
0004.561 RX: [0000035D](00) 80 03 00 00 00 00 00 00 
0004.567 RX: [000002DE](00) 02 00 80 04 90 00 0C 32 
0004.571 RX: [00000285](00) 00 00 00 00 00 00 C4 4B 
0004.576 RX: [000002DE](00) 02 00 80 04 90 00 0C 32 
0004.580 RX: [00000160](00) 33 C3 27 00 08 FF E8 
0004.584 RX: [000002DE](00) 02 00 80 04 90 00 0C 32 
0004.589 RX: [00000280](00) 01 3A 80 00 00 00 44 40 
0004.593 RX: [00000177](00) FE 10 00 00 00 F8 00 00 
0004.598 RX: [00000355](00) 00 00 00 00 00 00 40 
0004.602 RX: [00000174](00) FF EF FE AA 08 00 00 00 
0004.606 RX: [000002DE](00) 02 00 80 04 90 00 0C 32 
0004.612 RX: [00000284](00) 00 00 00 00 00 00 C6 4C 
0004.616 RX: [000002DE](00) 02 00 80 04 90 00 0C 32 
0004.621 RX: [00000245](00) FF E0 00 18 00 00 FF E0 
0004.625 RX: [000002DE](00) 02 00 80 04 90 00 0C 32 
0004.630 RX: [00000002](00) 11 06 00 07 EF 
0004.634 RX: [000002DE](00) 02 00 80 04 90 00 0C 32 
0004.638 RX: [00000215](00) FF F4 FF 00 FF FF 
0004.642 RX: [00000176](00) 00 00 02 50 00 00 0C 
0004.646 RX: [000002DE](00) 02 00 80 04 90 00 0C 32 
0004.652 RX: [00000284](00) 00 00 00 00 00 00 C8 4E 
0004.656 RX: [000002DE](00) 02 00 80 04 90 00 0C 32 
0004.661 RX: [00000245](00) FF E0 00 18 00 00 FF E2 
0004.665 RX: [000002DE](00) 02 00 80 04 90 00 0C 32 
0004.670 RX: [00000002](00) 11 06 00 07 23 
0004.673 RX: [00000177](00) FE 10 00 00 00 F8 00 00 
0004.678 RX: [00000355](00) 00 00 00 00 00 00 40 
0004.682 RX: [00000180](00) 14 CD 32 63 3C 00 3B 10 
0004.687 RX: [000002DE](00) 02 00 80 04 90 00 0C 32 
0004.691 RX: [00000284](00) 00 00 00 00 00 00 CA 50 
0004.697 RX: [000002DE](00) 02 00 80 04 90 00 0C 32 
0004.701 RX: [00000245](00) FF E0 00 18 00 00 FF E0 
0004.706 RX: [00000560](00) 4C 70 00 
0004.709 RX: [00000002](00) 11 06 00 07 67 
0004.712 RX: [00000177](00) FE 10 00 00 00 F8 00 00 
0004.717 RX: [00000355](00) 00 00 00 00 00 00 40 
0004.721 RX: [00000515](00) 02 00 00 00 
0004.725 RX: [000002DE](00) 02 00 80 04 90 00 0C 32 
0004.729 RX: [00000002](00) 11 06 00 07 89 
0004.733 RX: [000001F9](00) 28 00 14 9B 00 00 51 A8 
0004.738 RX: [0000054C](00) 6E 6C C0 00 00 80 04 08 
0004.743 RX: [00000176](00) 00 00 02 4B 00 00 06 
0004.747 RX: [00000580](00) 00 82 40 B4 6C 
0004.751 RX: [00000284](00) 00 00 00 00 00 00 CD 53 
0004.755 RX: [00000355](00) 00 00 00 00 00 00 40 
0004.760 RX: [00000002](00) 11 06 00 07 DC 
0004.763 RX: [000002DE](00) 02 00 80 04 90 00 0C 32 
0004.768 RX: [000006E2](00) 00 00 7A 
0004.771 RX: [00000176](00) 00 00 02 49 00 00 09 
0004.775 RX: [000002DE](00) 02 00 80 04 90 00 0C 32 
0004.781 RX: [00000292](00) FF F7 F5 80 0F FE 00 00 
0004.785 RX: [00000180](00) 14 82 32 73 3C 00 35 10 
0004.790 RX: [00000002](00) 11 06 00 07 EF 
0004.793 RX: [00000177](00) FE 10 00 00 00 F8 00 00 
0004.798 RX: [000001F9](00) 28 00 14 82 00 00 51 A8 
0004.802 RX: [00000176](00) 00 00 02 45 00 00 0C 
0004.807 RX: [00000551](00) 79 C0 00 80 FF 02 80 FF 
0004.811 RX: [00000284](00) 00 00 00 00 00 00 D0 56 
0004.816 RX: [000001F9](00) 28 00 14 69 00 00 51 A8 
0004.820 RX: [00000245](00) FF E0 00 18 00 00 FF E2 
0004.826 RX: [000002DE](00) 02 00 80 04 90 00 0C 32 
0004.830 RX: [00000002](00) 11 06 00 07 23 
0004.834 RX: [000002DE](00) 02 00 80 04 90 00 0C 32 
0004.838 RX: [00000215](00) FF F4 FF 00 FF FF 
0004.842 RX: [00000177](00) FE 10 00 00 00 F8 00 00 
0004.847 RX: [00000580](00) 00 82 40 B6 6C 
0004.850 RX: [00000284](00) 00 00 00 00 00 00 D2 58 
0004.855 RX: [000002DE](00) 02 00 80 04 90 00 0C 32 
0004.859 RX: [00000002](00) 11 06 00 07 76 
0004.864 RX: [000002DE](00) 02 00 80 04 90 00 0C 32 
0004.869 RX: [000006E2](00) 00 00 7B 
0004.872 RX: [00000177](00) FE 10 00 00 00 F8 00 00 
0004.876 RX: [00000355](00) 00 00 00 00 00 00 40 
0004.881 RX: [00000245](00) FF E0 00 18 00 00 FF E1 
0004.885 RX: [000002DE](00) 02 00 80 04 90 00 0C 32 
0004.890 RX: [000005C5](00) 40 01 CF 22 00 0C 00 7F 
0004.894 RX: [000002DE](00) 02 00 80 04 90 00 0C 32 
0004.899 RX: [00000215](00) FF F4 FF 00 FF FF 
0004.903 RX: [00000560](00) 4C 72 00 
0004.907 RX: [00000160](00) 33 C3 27 00 08 FF E8 
0004.911 RX: [00000284](00) 00 00 00 00 00 00 D5 5B 
0004.915 RX: [00000355](00) 00 00 00 00 00 00 40 
0004.920 RX: [00000002](00) 11 06 00 07 DC 
0004.923 RX: [00000177](00) FE 10 00 00 00 F8 00 00 
0004.928 RX: [00000160](00) 33 C3 27 00 08 FF E8 
0004.932 RX: [00000216](00) 42 6C 
0004.935 RX: [000002DE](00) 02 00 80 04 90 00 0C 32 
0004.940 RX: [00000002](00) 11 06 00 07 FE 
0004.943 RX: [000002DE](00) 02 00 80 04 90 00 0C 32 
0004.948 RX: [00000160](00) 33 C3 28 00 08 FF E8 
0004.953 RX: [00000177](00) FE 10 00 00 00 F8 00 00 
0004.958 RX: [00000355](00) 00 00 00 00 00 00 40 
0004.962 RX: [0000035D](00) 80 03 00 00 00 00 00 00 
0004.966 RX: [000002DE](00) 02 00 80 04 90 00 0C 32 
0004.971 RX: [000006E2](00) 00 00 78 
0004.974 RX: [000002DE](00) 02 00 80 04 90 00 0C 32 
0004.978 RX: [00000215](00) FF F4 FF 00 FF FF 
0004.982 RX: [00000177](00) FE 10 00 00 00 F8 00 00 
0004.987 RX: [000002DE](00) 02 00 80 04 90 00 0C 32 
0004.992 RX: [000005C5](00) 40 01 CF 22 00 0C 00 7F 
0004.997 RX: [00000355](00) 00 00 00 00 00 00 40 
0005.001 RX: [00000245](00) FF E0 00 18 00 00 FF E3 
0005.006 RX: [000002DE](00) 02 00 80 04 90 00 0C 32 
0005.010 RX: [00000180](00) 14 82 32 73 3C 00 3B 10 
0005.015 RX: [000002DE](00) 02 00 80 04 90 00 0C 32 
0005.019 RX: [00000002](00) 11 06 00 07 76 
0005.023 RX: [00000177](00) FE 10 00 00 00 F8 00 00 
0005.027 RX: [000002DE](00) 02 00 80 04 90 00 0C 32 
0005.032 RX: [00000176](00) 00 00 02 47 00 00 03 
0005.037 RX: [00000355](00) 00 00 00 00 00 00 40 
0005.041 RX: [00000182](00) 00 00 00 00 00 1E 00 CF 
0005.046 RX: [000002DE](00) 02 00 80 04 90 00 0C 32 
0005.050 RX: [00000285](00) 00 00 00 00 00 00 DC 63 
0005.055 RX: [000002DE](00) 02 00 80 04 90 00 0C 32 
0005.059 RX: [00000002](00) 11 06 00 07 BA 
0005.063 RX: [00000421](00) 08 00 00 
0005.066 RX: [000002DE](00) 02 00 80 04 90 00 0C 32 
0005.071 RX: [00000284](00) 00 00 00 00 00 00 DD 63 
0005.075 RX: [00000355](00) 00 00 00 00 00 00 40 
0005.080 RX: [00000292](00) FF F7 F3 80 0F FE 00 00 
0005.085 RX: [000002DE](00) 02 00 80 04 90 00 0C 32 
0005.089 RX: [00000280](00) 01 3A 80 00 00 00 43 40 
0005.094 RX: [00000216](00) 42 6C 
0005.097 RX: [00000215](00) FF F4 FF 00 FF FF 
0005.101 RX: [00000